99
2525 1
2400 5
300 2
120 60
60 90
258767181 1
164461048 6669
815512437 1
631950337 7723
644677402 1
40504954 1070
351808245 1
87199525 9405
931783410 1
481924264 2032
35323767 1
12076505 9258
2 1
1 1
124433450 1
44506889 1826
132785679 1
59923658 1522
1000000000 2
998000000 1
999000000 1
862102897 1
840759477 6628
73068351 1
936840 8182
873218837 1
181106414 6494
32731582 1
29612814 1323
948083045 1
505191302 406
926850520 1
718833325 737
504063521 1
235867100 8312
701748417 1
278232493 6905
892883034 1
650335314 2422
284150440 1
185045884 1685
619402748 1
370479614 9852
117820428 1
84087187 2921
915041860 1
180576928 5932
104979083 1
99439504 1980
200000 2
5000 4
5001 1
1000000000 1
1 1
104370463 1
100565309 4284
652369048 1
283515146 3902
739171830 1
536207906 8060
647183120 1
249534144 1063
1000000000 1
1 10000
82792307 1
19154832 3715
710875028 1
128560136 3603
1000000000 1
999999999 10000
141870446 1
125608926 6042
920975532 1
246569698 9635
158499641 1
84036257 7253
136658638 1
85571530 6581
165685933 1
67198149 6487
672871869 1
581961699 6359
1000000000 2
999999996 3
999999997 2
744643811 1
498647510 5110
259443333 1
107878171 9934
1000000000 2
999999998 2
999999997 3
375320749 1
308046460 7810
1000000000 2
12345676 2
12345675 3
591082166 1
385456061 7727
463244676 1
413336176 4578
2 1
1 10000
54155542 1
48824069 9789
1000000000 2
2 2
1 3
217989901 1
166922044 4231
239653373 1
3729680 2019
860411071 1
686306419 3362
60369044 1
35044474 8732
163774629 1
68725314 6388
872805570 1
239691733 9652
373080606 1
252126212 1972
795594249 1
92443876 1105
295830687 1
99119037 1048
30387382 1
8677764 4234
1000000000 2
999999999 2
999999998 3
822691004 2
577266509 6206
326009113 6449
806234589 1
434304256 8029
1000000000 2
100 10000
200 10000
350480144 1
164227419 4499
37170879 1
22092717 6216
647963471 1
368391204 1807
920119440 1
903342623 5385
221292514 1
113072408 690
642266261 1
205244011 3817
126565182 1
43806171 919
404634918 1
383033488 3899
347738281 1
34322993 9321
486313896 1
349055501 1371
613227021 1
184854975 1698
430307405 1
219911319 321
39066419 1
34669150 8764
451919854 1
247627481 7640
773483155 1
417874805 6581
74945152 1
3035405 8311
816623111 1
481696917 870
885323165 1
802520866 580
359560522 1
317249501 8275
944744283 1
553495274 3042
655998465 1
66022476 4347
455112587 1
145842272 3357
912066153 1
764282663 2903
444258879 1
310053105 3807
234340730 1
186383707 1148
1000000000 1
999999999 1
841861347 2
504117782 1941
292301514 3928
259025765 1
50212786 1677
362537919 1
104834677 3462
29209015 1
5814970 3087
1000000000 2
999000000 10000
998000000 10000
64140807 1
15836001 62
