99
6 2 0 2 0 2 0
3 1 0 2 0 0 0
190 6 0 93 0 91 0
374 183 0 173 0 18 0
4 0 0 3 0 1 0
5 1 0 2 0 2 0
257 10 0 5 0 242 0
168 45 0 76 0 47 0
892 97 0 678 0 117 0
987 138 0 647 0 202 0
1000 250 0 250 0 500 0
845 137 0 418 0 290 0
255 95 0 111 0 49 0
976 360 0 413 0 203 0
5 3 0 0 0 2 0
245 95 0 117 0 33 0
142 30 0 68 0 44 0
143 10 0 47 0 86 0
793 155 0 285 0 353 0
326 88 0 150 0 88 0
141 30 0 50 0 61 0
937 324 0 372 0 241 0
296 93 0 119 0 84 0
561 270 0 70 0 221 0
79 36 0 9 0 34 0
423 120 0 102 0 201 0
89 17 0 35 0 37 0
76 0 0 10 0 66 0
965 283 0 459 0 223 0
812 316 0 395 0 101 0
517 255 0 165 0 97 0
6 3 0 0 0 3 0
1000 1 0 499 0 500 0
1000 334 0 333 0 333 0
814 88 0 542 0 184 0
256 119 0 90 0 47 0
999 250 0 250 0 499 0
999 333 0 333 0 333 0
4 2 0 1 0 1 0
426 111 0 190 0 125 0
508 95 0 247 0 166 0
999 74 0 453 0 472 0
7 2 0 2 0 3 0
562 269 0 15 0 278 0
582 177 0 121 0 284 0
601 450 0 110 0 41 0
754 195 0 341 0 218 0
173 23 0 83 0 67 0
736 241 0 195 0 300 0
834 59 0 726 0 49 0
5 1 0 3 0 1 0
4 1 0 2 0 1 0
4 2 0 2 0 0 0
3 0 0 3 0 0 0
3 1 0 1 0 1 0
528 65 0 249 0 214 0
757 302 0 331 0 124 0
322 132 0 117 0 73 0
1000 499 0 0 0 501 0
152 68 0 73 0 11 0
178 58 0 47 0 73 0
406 90 0 148 0 168 0
966 419 0 421 0 126 0
4 1 0 1 0 2 0
731 298 0 191 0 242 0
721 190 0 222 0 309 0
999 0 0 500 0 499 0
617 85 0 39 0 493 0
3 2 0 1 0 0 0
708 258 0 152 0 298 0
874 138 0 332 0 404 0
818 373 0 391 0 54 0
346 143 0 117 0 86 0
367 57 0 152 0 158 0
720 293 0 181 0 246 0
555 229 0 164 0 162 0
772 168 0 482 0 122 0
783 120 0 277 0 386 0
1000 0 0 500 0 500 0
6 1 0 2 0 3 0
654 292 0 137 0 225 0
344 170 0 59 0 115 0
496 221 0 186 0 89 0
465 148 0 156 0 161 0
515 194 0 85 0 236 0
412 166 0 73 0 173 0
658 281 0 49 0 328 0
469 79 0 226 0 164 0
120 57 0 18 0 45 0
4 0 0 2 0 2 0
24 2 0 10 0 12 0
329 146 0 78 0 105 0
999 249 0 250 0 500 0
23 4 0 10 0 9 0
687 306 0 60 0 321 0
654 162 0 279 0 213 0
999 1 0 499 0 499 0
354 141 0 124 0 89 0
253 70 0 105 0 78 0

