1000
11 72 92
43 72 63
49 78 52
2 100 54
22 41 17
31 47 82
23 79 47
93 62 88
6 37 12
28 89 30
22 28 37
31 32 20
3 98 22
49 22 17
97 48 53
74 35 78
96 55 72
98 13 29
87 66 72
21 66 14
24 29 11
48 52 2
10 36 76
26 92 27
31 20 6
60 98 27
22 42 25
62 87 92
33 55 85
15 29 66
32 98 7
97 44 64
23 3 100
51 66 33
10 32 14
31 8 81
99 77 4
21 17 22
41 20 71
31 57 62
58 91 89
33 84 61
86 33 83
49 48 55
37 54 52
23 58 58
66 19 66
52 39 2
24 98 37
69 18 21
50 66 61
22 45 39
29 81 85
24 57 9
5 92 68
12 85 59
53 70 66
20 60 75
37 33 18
14 84 31
36 98 30
76 84 67
25 18 17
46 65 73
25 85 66
51 39 32
49 86 5
58 27 76
9 67 78
31 90 6
15 40 98
96 80 66
84 75 56
99 8 69
6 74 32
76 41 73
60 24 94
70 35 42
25 55 35
16 39 79
12 9 17
79 48 79
61 95 87
46 38 10
46 100 56
1 12 64
54 72 3
73 32 97
81 58 33
48 64 69
49 42 78
54 31 99
16 74 2
84 63 8
61 65 100
66 89 30
17 42 4
100 91 18
94 20 21
4 78 15
0 54 4
21 1 14
8 87 8
80 53 38
3 19 75
84 95 42
55 47 53
64 38 29
84 90 42
23 5 33
45 39 23
88 40 84
36 86 34
45 4 63
27 63 72
44 26 6
91 35 47
35 55 45
35 73 75
28 12 87
12 72 15
2 9 3
83 39 80
19 80 12
52 20 71
7 13 96
52 27 39
1 45 6
17 81 100
87 28 17
80 66 44
100 35 40
39 68 89
20 60 5
63 39 40
53 85 73
72 96 80
32 60 75
20 71 63
22 20 89
13 64 55
44 33 42
60 4 61
94 29 61
7 84 93
87 37 39
8 67 44
67 45 63
61 71 58
79 7 62
70 88 73
7 55 85
74 86 76
31 11 66
54 47 14
38 87 35
40 9 35
12 65 66
96 95 29
61 38 36
12 71 89
77 88 1
54 86 32
28 43 83
51 65 58
67 3 26
52 56 84
60 5 38
86 98 75
7 13 7
55 32 37
52 71 98
100 1 1
28 62 38
56 43 8
21 88 44
66 92 12
36 98 27
98 83 39
89 84 47
70 70 72
2 36 39
36 42 44
38 15 17
51 16 83
4 38 5
48 46 58
86 67 92
2 96 76
91 77 4
16 86 48
11 69 57
100 66 13
54 70 59
67 54 42
44 68 69
14 59 83
1 81 66
74 3 72
35 64 17
73 44 1
61 34 14
4 95 82
8 59 6
83 62 4
84 32 46
73 6 68
1 90 31
5 77 3
38 2 57
30 64 33
19 23 85
91 59 33
32 27 27
37 3 58
68 31 60
100 87 47
61 11 61
55 65 61
0 42 24
100 55 38
82 86 16
72 69 8
80 32 67
98 39 27
99 60 89
37 59 59
94 30 5
57 59 38
28 95 81
53 48 96
36 60 91
26 63 84
27 23 72
56 92 59
75 97 59
45 12 15
49 37 81
43 82 22
53 3 4
35 8 16
16 58 27
4 86 31
16 35 59
77 21 90
51 52 94
69 44 38
97 37 34
47 27 41
48 16 37
14 63 94
34 72 75
24 8 15
85 84 21
82 55 91
65 81 74
62 46 1
98 80 87
67 48 15
29 2 60
9 10 84
58 99 46
83 41 63
25 43 87
33 39 73
67 60 99
80 46 30
94 13 95
81 53 85
44 62 13
36 4 21
57 76 73
85 74 65
68 76 65
15 73 20
31 9 89
81 16 88
97 87 65
19 71 93
78 53 78
48 86 21
16 20 69
14 65 87
20 2 14
13 99 9
96 2 72
25 68 86
91 74 34
55 2 71
0 55 55
55 82 52
21 99 3
98 96 13
57 64 92
70 57 74
83 45 78
92 40 17
53 92 12
19 41 36
47 68 48
86 75 33
11 5 82
75 2 67
37 43 86
41 97 68
95 44 79
69 26 21
43 58 83
94 54 91
72 68 30
84 70 75
19 78 93
63 43 23
90 69 60
80 65 25
82 19 81
99 92 60
10 86 69
60 81 83
39 62 19
76 10 62
97 24 78
81 45 30
20 41 6
84 93 54
9 77 77
61 53 3
84 63 23
48 69 67
75 36 52
83 89 31
22 84 76
2 48 25
52 44 12
81 69 83
8 20 80
46 4 73
95 11 94
10 33 33
91 5 25
25 47 39
81 40 43
73 29 39
79 88 11
79 29 41
0 33 60
95 85 18
0 89 69
72 15 93
4 25 17
59 78 24
17 52 13
9 3 8
98 55 70
66 43 12
83 25 47
66 25 14
2 20 12
1 23 57
91 63 85
89 8 11
93 85 66
79 12 10
54 83 44
18 89 10
17 78 67
64 81 11
63 53 74
56 83 72
84 98 25
52 69 42
39 39 55
100 70 91
77 46 25
36 69 53
9 72 95
58 86 97
30 5 25
74 32 16
34 78 21
36 67 58
60 52 78
32 43 54
67 23 25
28 37 95
50 82 26
19 53 6
13 55 55
76 27 10
19 32 69
37 77 96
21 60 67
95 88 7
5 77 17
34 92 25
39 5 38
56 22 38
47 27 8
48 21 33
99 95 91
55 71 19
73 93 3
68 13 87
4 79 33
68 85 59
100 28 10
55 68 37
28 95 98
12 55 55
82 94 57
10 87 38
10 9 17
10 22 55
26 20 90
70 59 36
42 67 14
34 29 37
76 45 72
97 82 93
19 8 1
4 42 74
21 89 97
93 6 84
59 22 76
94 6 97
39 42 75
94 30 67
78 13 34
72 73 82
91 41 56
97 10 17
22 15 99
71 76 48
41 48 10
87 15 84
41 12 92
56 56 52
98 85 64
18 61 15
45 61 96
96 28 17
64 25 83
22 21 46
49 43 41
25 25 97
6 36 66
51 36 99
2 42 20
99 58 92
92 33 47
66 68 37
57 98 14
32 14 83
34 92 69
93 68 55
56 91 37
33 36 11
67 88 33
55 82 21
20 24 95
34 14 7
84 48 1
16 12 2
26 54 1
75 56 53
47 39 84
11 30 40
15 12 1
24 60 67
27 65 77
44 65 58
36 12 28
10 55 4
41 87 80
93 5 46
42 12 84
52 91 16
93 81 97
75 37 68
59 89 41
49 79 11
72 45 65
74 29 63
92 38 94
73 35 23
95 21 59
78 92 39
43 30 26
85 85 71
96 44 13
52 96 17
32 68 96
50 22 39
0 32 79
34 38 11
62 86 17
17 79 13
0 10 42
57 71 100
53 61 85
23 17 75
37 65 24
79 70 92
20 18 1
38 91 22
57 10 21
34 10 100
45 39 5
41 9 44
84 53 47
20 46 63
10 33 21
100 61 33
62 24 38
40 5 31
41 32 82
4 47 5
12 59 63
86 82 81
25 76 48
35 57 4
35 62 33
3 40 45
18 22 25
29 23 13
77 75 53
64 16 62
56 6 32
1 73 59
55 80 45
3 96 47
34 15 71
65 46 89
55 55 17
100 60 84
77 23 24
77 41 62
59 83 100
73 43 35
57 75 37
3 38 18
12 88 91
82 2 69
68 45 5
38 3 52
45 83 96
64 85 30
92 55 47
84 58 8
20 56 69
17 55 29
86 7 52
18 13 17
44 88 41
70 42 40
13 45 52
2 72 59
4 64 60
96 31 25
33 6 28
75 28 25
39 62 100
69 39 59
25 61 69
32 71 93
61 29 41
5 21 40
7 95 21
93 73 82
25 40 82
67 68 52
100 63 3
61 11 30
7 52 33
33 61 4
30 9 85
1 42 57
2 57 53
34 54 33
87 57 12
18 28 91
47 52 75
93 73 87
0 57 27
25 54 15
47 88 70
68 23 92
52 60 75
58 36 22
13 62 100
13 28 46
16 86 46
59 30 95
10 19 4
95 29 87
99 26 64
41 58 27
31 3 8
41 26 27
89 11 13
8 7 32
63 93 100
74 73 98
29 36 86
8 61 3
44 71 96
28 13 37
21 52 78
39 62 18
22 4 96
99 61 22
15 48 19
15 81 30
90 22 23
22 89 58
48 38 28
99 41 62
2 21 41
26 4 85
62 18 5
43 86 20
64 76 28
49 60 88
35 16 42
1 95 53
55 84 13
94 41 86
75 53 41
28 58 46
51 22 21
82 42 37
86 41 9
84 98 55
35 97 48
51 76 26
99 97 98
91 86 32
70 67 75
92 100 81
99 99 99
79 48 76
97 14 17
13 66 1
53 48 15
78 23 25
66 75 25
33 29 79
81 4 75
65 88 97
67 43 16
0 20 21
48 55 54
44 52 32
42 7 15
46 83 61
46 69 58
54 12 86
83 81 21
3 83 27
75 83 75
9 70 2
74 92 31
78 21 43
56 35 42
94 24 53
8 78 93
38 31 43
55 71 46
51 61 55
29 21 13
55 3 20
95 20 58
6 33 77
70 72 24
46 18 82
0 44 99
41 85 37
5 85 97
13 98 74
23 76 96
57 58 89
73 7 6
73 79 96
1 97 39
4 47 1
67 56 15
45 19 56
0 39 48
5 95 26
16 88 96
100 68 14
52 79 8
8 31 78
83 98 82
100 31 11
68 63 40
27 6 1
46 54 18
75 9 23
17 17 24
97 81 53
32 15 55
24 100 35
77 28 9
30 41 28
8 34 45
87 63 16
28 88 81
71 28 11
36 87 6
87 22 56
6 54 76
45 3 87
77 31 9
91 83 54
82 20 52
71 59 9
31 80 31
74 86 67
0 99 43
49 34 10
51 72 5
100 74 54
97 7 12
11 45 47
10 67 92
64 15 25
38 13 28
28 9 52
0 2 42
50 69 97
98 31 67
36 41 40
100 98 41
93 61 47
61 56 2
42 33 8
79 13 6
87 37 36
7 54 41
13 9 38
26 57 61
91 25 16
56 61 7
16 66 92
91 9 77
32 46 61
100 27 67
39 43 22
37 24 17
68 47 78
38 92 85
54 53 91
70 25 2
13 15 75
50 78 61
36 22 35
92 7 98
80 33 25
1 87 21
97 40 45
90 98 72
8 58 1
4 62 87
27 81 7
67 10 77
73 67 79
50 22 62
75 40 70
58 20 22
61 87 41
68 82 88
45 24 72
88 27 3
91 10 57
52 36 12
60 2 68
15 74 4
44 31 91
31 9 91
43 97 35
30 57 67
36 17 39
49 18 95
23 7 57
46 71 15
29 90 66
38 27 52
75 30 25
13 62 69
84 5 4
76 70 22
17 43 82
48 59 23
87 70 20
27 86 68
0 53 42
1 28 70
20 94 40
82 70 56
82 56 91
73 94 45
22 61 99
8 3 76
74 13 7
34 99 40
6 57 10
69 25 52
100 84 72
61 58 61
16 11 38
100 54 94
28 81 52
90 58 66
12 7 78
17 2 33
20 39 43
10 37 85
7 78 53
66 20 11
48 62 3
41 54 55
77 65 16
84 79 77
60 38 13
97 83 99
22 75 38
71 81 41
51 26 61
40 79 88
17 89 70
16 53 10
98 6 75
55 98 32
23 21 97
7 79 5
85 12 5
21 53 4
62 57 13
85 16 71
76 9 32
56 87 92
86 92 88
70 29 55
8 64 34
6 56 93
91 48 60
75 93 5
65 18 82
63 75 34
59 75 32
70 35 40
84 79 64
78 12 41
95 53 33
25 63 58
97 16 13
79 4 33
81 38 96
31 86 25
34 9 32
95 11 94
38 13 25
52 29 5
67 19 16
82 98 10
10 34 81
29 16 45
7 34 65
28 46 55
1 23 28
3 89 85
13 35 36
71 75 25
75 18 15
61 55 7
47 32 85
97 40 88
53 77 48
98 28 93
95 92 84
81 8 37
48 39 20
63 47 47
19 13 36
90 78 19
33 20 79
28 53 36
67 58 20
60 57 42
89 42 1
82 28 71
6 54 76
16 10 4
75 97 39
51 37 95
97 88 98
67 67 62
13 17 1
100 76 79
44 60 67
5 47 9
95 59 36
87 12 14
60 100 78
29 72 80
25 43 2
55 37 9
90 47 68
32 38 20
57 26 71
7 56 41
87 37 94
90 67 82
8 92 17
86 15 32
12 83 57
83 21 71
53 97 9
56 30 6
19 90 69
95 61 13
22 95 30
35 22 38
1 54 73
62 59 95
42 25 39
76 47 70
30 15 68
82 45 77
75 68 11
73 60 73
42 13 34
37 62 67
86 54 55
13 42 34
57 66 7
41 97 37
21 26 87
14 78 60
91 2 11
93 40 71
88 55 34
53 86 23
23 65 87
25 93 2
74 83 52
6 90 7
33 34 86
70 93 6
80 70 89
47 85 3
34 59 57
11 97 8
95 23 15
28 74 83
6 27 73
38 73 58
65 34 26
77 89 85
2 94 46
65 19 26
78 71 68
87 20 40
71 75 75
97 69 86
18 18 95
33 12 86
74 98 45
85 85 34
52 10 20
43 81 99
28 1 34
94 11 37
100 6 31
60 68 69
18 56 55
41 85 26
17 53 33
55 94 1
2 86 38
70 87 37
53 89 74
40 29 7
100 17 30
28 11 21
90 76 61
8 13 21
1 52 5
91 47 20
24 1 68
46 100 80
76 77 73
49 73 97
96 46 59
91 61 19
52 90 42
14 58 26
72 83 63
87 5 14
