50 50 1000
0 0 0 0 0 0 0 0 0 0 0 0 0 0 0 0 0 0 0 0 0 0 0 0 0 0 0 0 0 0 0 0 0 0 0 0 0 0 0 0 0 0 0 0 0 0 0 0 0 0 
0 0 0 0 0 0 0 0 0 0 0 0 0 0 0 0 0 0 0 0 0 0 0 0 0 0 0 0 0 0 0 0 0 0 0 0 0 0 0 0 0 0 0 0 0 0 0 0 0 0 
0 0 0 0 0 0 0 0 0 0 0 0 0 0 0 0 0 0 0 0 0 0 0 0 0 0 0 0 0 0 0 0 0 0 0 0 0 0 0 0 0 0 0 0 0 0 0 0 0 0 
0 0 0 0 0 0 0 0 0 0 0 0 0 0 0 0 0 0 0 0 0 0 0 0 0 0 0 0 0 0 0 0 0 0 0 0 0 0 0 0 0 0 0 0 0 0 0 0 0 0 
0 0 0 0 0 0 0 0 0 0 0 0 0 0 0 0 0 0 0 0 0 0 0 0 0 0 0 0 0 0 0 0 0 0 0 0 0 0 0 0 0 0 0 0 0 0 0 0 0 0 
0 0 0 0 0 0 0 0 0 0 0 0 0 0 0 0 0 0 0 0 0 0 0 0 0 0 0 0 0 0 0 0 0 0 0 0 0 0 0 0 0 0 0 0 0 0 0 0 0 0 
0 0 0 0 0 0 0 0 0 0 0 0 0 0 0 0 0 0 0 0 0 0 0 0 0 0 0 0 0 0 0 0 0 0 0 0 0 0 0 0 0 0 0 0 0 0 0 0 0 0 
0 0 0 0 0 0 0 0 0 0 0 0 0 0 0 0 0 0 0 0 0 0 0 0 0 0 0 0 0 0 0 0 0 0 0 0 0 0 0 0 0 0 0 0 0 0 0 0 0 0 
0 0 0 0 0 0 0 0 0 0 0 0 0 0 0 0 0 0 0 0 0 0 0 0 0 0 0 0 0 0 0 0 0 0 0 0 0 0 0 0 0 0 0 0 0 0 0 0 0 0 
0 0 0 0 0 0 0 0 0 0 0 0 0 0 0 0 0 0 0 0 0 0 0 0 0 0 0 0 0 0 0 0 0 0 0 0 0 0 0 0 0 0 0 0 0 0 0 0 0 0 
0 0 0 0 0 0 0 0 0 0 0 0 0 0 0 0 0 0 0 0 0 0 0 0 0 0 0 0 0 0 0 0 0 0 0 0 0 0 0 0 0 0 0 0 0 0 0 0 0 0 
0 0 0 0 0 0 0 0 0 0 0 0 0 0 0 0 0 0 0 0 0 0 0 0 0 0 0 0 0 0 0 0 0 0 0 0 0 0 0 0 0 0 0 0 0 0 0 0 0 0 
0 0 0 0 0 0 0 0 0 0 0 0 0 0 0 0 0 0 0 0 0 0 0 0 0 0 0 0 0 0 0 0 0 0 0 0 0 0 0 0 0 0 0 0 0 0 0 0 0 0 
0 0 0 0 0 0 0 0 0 0 0 0 0 0 0 0 0 0 0 0 0 0 0 0 0 0 0 0 0 0 0 0 0 0 0 0 0 0 0 0 0 0 0 0 0 0 0 0 0 0 
0 0 0 0 0 0 0 0 0 0 0 0 0 0 0 0 0 0 0 0 0 0 0 0 0 0 0 0 0 0 0 0 0 0 0 0 0 0 0 0 0 0 0 0 0 0 0 0 0 0 
0 0 0 0 0 0 0 0 0 0 0 0 0 0 0 0 0 0 0 0 0 0 0 0 0 0 0 0 0 0 0 0 0 0 0 0 0 0 0 0 0 0 0 0 0 0 0 0 0 0 
0 0 0 0 0 0 0 0 0 0 0 0 0 0 0 0 0 0 0 0 0 0 0 0 0 0 0 0 0 0 0 0 0 0 0 0 0 0 0 0 0 0 0 0 0 0 0 0 0 0 
0 0 0 0 0 0 0 0 0 0 0 0 0 0 0 0 0 0 0 0 0 0 0 0 0 0 0 0 0 0 0 0 0 0 0 0 0 0 0 0 0 0 0 0 0 0 0 0 0 0 
0 0 0 0 0 0 0 0 0 0 0 0 0 0 0 0 0 0 0 0 0 0 0 0 0 0 0 0 0 0 0 0 0 0 0 0 0 0 0 0 0 0 0 0 0 0 0 0 0 0 
0 0 0 0 0 0 0 0 0 0 0 0 0 0 0 0 0 0 0 0 0 0 0 0 0 0 0 0 0 0 0 0 0 0 0 0 0 0 0 0 0 0 0 0 0 0 0 0 0 0 
0 0 0 0 0 0 0 0 0 0 0 0 0 0 0 0 0 0 0 0 0 0 0 0 0 0 0 0 0 0 0 0 0 0 0 0 0 0 0 0 0 0 0 0 0 0 0 0 0 0 
0 0 0 0 0 0 0 0 0 0 0 0 0 0 0 0 0 0 0 0 0 0 0 0 0 0 0 0 0 0 0 0 0 0 0 0 0 0 0 0 0 0 0 0 0 0 0 0 0 0 
0 0 0 0 0 0 0 0 0 0 0 0 0 0 0 0 0 0 0 0 0 0 0 0 0 0 0 0 0 0 0 0 0 0 0 0 0 0 0 0 0 0 0 0 0 0 0 0 0 0 
0 0 0 0 0 0 0 0 0 0 0 0 0 0 0 0 0 0 0 0 0 0 0 0 0 0 0 0 0 0 0 0 0 0 0 0 0 0 0 0 0 0 0 0 0 0 0 0 0 0 
0 0 0 0 0 0 0 0 0 0 0 0 0 0 0 0 0 0 0 0 0 0 0 0 0 0 0 0 0 0 0 0 0 0 0 0 0 0 0 0 0 0 0 0 0 0 0 0 0 0 
0 0 0 0 0 0 0 0 0 0 0 0 0 0 0 0 0 0 0 0 0 0 0 0 0 0 0 0 0 0 0 0 0 0 0 0 0 0 0 0 0 0 0 0 0 0 0 0 0 0 
0 0 0 0 0 0 0 0 0 0 0 0 0 0 0 0 0 0 0 0 0 0 0 0 0 0 0 0 0 0 0 0 0 0 0 0 0 0 0 0 0 0 0 0 0 0 0 0 0 0 
0 0 0 0 0 0 0 0 0 0 0 0 0 0 0 0 0 0 0 0 0 0 0 0 0 0 0 0 0 0 0 0 0 0 0 0 0 0 0 0 0 0 0 0 0 0 0 0 0 0 
0 0 0 0 0 0 0 0 0 0 0 0 0 0 0 0 0 0 0 0 0 0 0 0 0 0 0 0 0 0 0 0 0 0 0 0 0 0 0 0 0 0 0 0 0 0 0 0 0 0 
0 0 0 0 0 0 0 0 0 0 0 0 0 0 0 0 0 0 0 0 0 0 0 0 0 0 0 0 0 0 0 0 0 0 0 0 0 0 0 0 0 0 0 0 0 0 0 0 0 0 
0 0 0 0 0 0 0 0 0 0 0 0 0 0 0 0 0 0 0 0 0 0 0 0 0 0 0 0 0 0 0 0 0 0 0 0 0 0 0 0 0 0 0 0 0 0 0 0 0 0 
0 0 0 0 0 0 0 0 0 0 0 0 0 0 0 0 0 0 0 0 0 0 0 0 0 0 0 0 0 0 0 0 0 0 0 0 0 0 0 0 0 0 0 0 0 0 0 0 0 0 
0 0 0 0 0 0 0 0 0 0 0 0 0 0 0 0 0 0 0 0 0 0 0 0 0 0 0 0 0 0 0 0 0 0 0 0 0 0 0 0 0 0 0 0 0 0 0 0 0 0 
0 0 0 0 0 0 0 0 0 0 0 0 0 0 0 0 0 0 0 0 0 0 0 0 0 0 0 0 0 0 0 0 0 0 0 0 0 0 0 0 0 0 0 0 0 0 0 0 0 0 
0 0 0 0 0 0 0 0 0 0 0 0 0 0 0 0 0 0 0 0 0 0 0 0 0 0 0 0 0 0 0 0 0 0 0 0 0 0 0 0 0 0 0 0 0 0 0 0 0 0 
0 0 0 0 0 0 0 0 0 0 0 0 0 0 0 0 0 0 0 0 0 0 0 0 0 0 0 0 0 0 0 0 0 0 0 0 0 0 0 0 0 0 0 0 0 0 0 0 0 0 
0 0 0 0 0 0 0 0 0 0 0 0 0 0 0 0 0 0 0 0 0 0 0 0 0 0 0 0 0 0 0 0 0 0 0 0 0 0 0 0 0 0 0 0 0 0 0 0 0 0 
0 0 0 0 0 0 0 0 0 0 0 0 0 0 0 0 0 0 0 0 0 0 0 0 0 0 0 0 0 0 0 0 0 0 0 0 0 0 0 0 0 0 0 0 0 0 0 0 0 0 
0 0 0 0 0 0 0 0 0 0 0 0 0 0 0 0 0 0 0 0 0 0 0 0 0 0 0 0 0 0 0 0 0 0 0 0 0 0 0 0 0 0 0 0 0 0 0 0 0 0 
0 0 0 0 0 0 0 0 0 0 0 0 0 0 0 0 0 0 0 0 0 0 0 0 0 0 0 0 0 0 0 0 0 0 0 0 0 0 0 0 0 0 0 0 0 0 0 0 0 0 
0 0 0 0 0 0 0 0 0 0 0 0 0 0 0 0 0 0 0 0 0 0 0 0 0 0 0 0 0 0 0 0 0 0 0 0 0 0 0 0 0 0 0 0 0 0 0 0 0 0 
0 0 0 0 0 0 0 0 0 0 0 0 0 0 0 0 0 0 0 0 0 0 0 0 0 0 0 0 0 0 0 0 0 0 0 0 0 0 0 0 0 0 0 0 0 0 0 0 0 0 
0 0 0 0 0 0 0 0 0 0 0 0 0 0 0 0 0 0 0 0 0 0 0 0 0 0 0 0 0 0 0 0 0 0 0 0 0 0 0 0 0 0 0 0 0 0 0 0 0 0 
0 0 0 0 0 0 0 0 0 0 0 0 0 0 0 0 0 0 0 0 0 0 0 0 0 0 0 0 0 0 0 0 0 0 0 0 0 0 0 0 0 0 0 0 0 0 0 0 0 0 
0 0 0 0 0 0 0 0 0 0 0 0 0 0 0 0 0 0 0 0 0 0 0 0 0 0 0 0 0 0 0 0 0 0 0 0 0 0 0 0 0 0 0 0 0 0 0 0 0 0 
0 0 0 0 0 0 0 0 0 0 0 0 0 0 0 0 0 0 0 0 0 0 0 0 0 0 0 0 0 0 0 0 0 0 0 0 0 0 0 0 0 0 0 0 0 0 0 0 0 0 
0 0 0 0 0 0 0 0 0 0 0 0 0 0 0 0 0 0 0 0 0 0 0 0 0 0 0 0 0 0 0 0 0 0 0 0 0 0 0 0 0 0 0 0 0 0 0 0 0 0 
0 0 0 0 0 0 0 0 0 0 0 0 0 0 0 0 0 0 0 0 0 0 0 0 0 0 0 0 0 0 0 0 0 0 0 0 0 0 0 0 0 0 0 0 0 0 0 0 0 0 
0 0 0 0 0 0 0 0 0 0 0 0 0 0 0 0 0 0 0 0 0 0 0 0 0 0 0 0 0 0 0 0 0 0 0 0 0 0 0 0 0 0 0 0 0 0 0 0 0 0 
0 0 0 0 0 0 0 0 0 0 0 0 0 0 0 0 0 0 0 0 0 0 0 0 0 0 0 0 0 0 0 0 0 0 0 0 0 0 0 0 0 0 0 0 0 0 0 0 0 0 
1 1 100000
1 2 100000
1 3 100000
1 4 100000
1 5 100000
1 6 100000
1 7 100000
1 8 100000
1 9 100000
1 10 100000
1 11 100000
1 12 100000
1 13 100000
1 14 100000
1 15 100000
1 16 100000
1 17 100000
1 18 100000
1 19 100000
1 20 100000
1 21 100000
1 22 100000
1 23 100000
1 24 100000
1 25 100000
1 26 100000
1 27 100000
1 28 100000
1 29 100000
1 30 100000
1 31 100000
1 32 100000
1 33 100000
1 34 100000
1 35 100000
1 36 100000
1 37 100000
1 38 100000
1 39 100000
1 40 100000
1 41 100000
1 42 100000
1 43 100000
1 44 100000
1 45 100000
1 46 100000
1 47 100000
1 48 100000
1 49 100000
1 50 100000
2 1 100000
2 2 100000
2 3 100000
2 4 100000
2 5 100000
2 6 100000
2 7 100000
2 8 100000
2 9 100000
2 10 100000
2 11 100000
2 12 100000
2 13 100000
2 14 100000
2 15 100000
2 16 100000
2 17 100000
2 18 100000
2 19 100000
2 20 100000
2 21 100000
2 22 100000
2 23 100000
2 24 100000
2 25 100000
2 26 100000
2 27 100000
2 28 100000
2 29 100000
2 30 100000
2 31 100000
2 32 100000
2 33 100000
2 34 100000
2 35 100000
2 36 100000
2 37 100000
2 38 100000
2 39 100000
2 40 100000
2 41 100000
2 42 100000
2 43 100000
2 44 100000
2 45 100000
2 46 100000
2 47 100000
2 48 100000
2 49 100000
2 50 100000
3 1 100000
3 2 100000
3 3 100000
3 4 100000
3 5 100000
3 6 100000
3 7 100000
3 8 100000
3 9 100000
3 10 100000
3 11 100000
3 12 100000
3 13 100000
3 14 100000
3 15 100000
3 16 100000
3 17 100000
3 18 100000
3 19 100000
3 20 100000
3 21 100000
3 22 100000
3 23 100000
3 24 100000
3 25 100000
3 26 100000
3 27 100000
3 28 100000
3 29 100000
3 30 100000
3 31 100000
3 32 100000
3 33 100000
3 34 100000
3 35 100000
3 36 100000
3 37 100000
3 38 100000
3 39 100000
3 40 100000
3 41 100000
3 42 100000
3 43 100000
3 44 100000
3 45 100000
3 46 100000
3 47 100000
3 48 100000
3 49 100000
3 50 100000
4 1 100000
4 2 100000
4 3 100000
4 4 100000
4 5 100000
4 6 100000
4 7 100000
4 8 100000
4 9 100000
4 10 100000
4 11 100000
4 12 100000
4 13 100000
4 14 100000
4 15 100000
4 16 100000
4 17 100000
4 18 100000
4 19 100000
4 20 100000
4 21 100000
4 22 100000
4 23 100000
4 24 100000
4 25 100000
4 26 100000
4 27 100000
4 28 100000
4 29 100000
4 30 100000
4 31 100000
4 32 100000
4 33 100000
4 34 100000
4 35 100000
4 36 100000
4 37 100000
4 38 100000
4 39 100000
4 40 100000
4 41 100000
4 42 100000
4 43 100000
4 44 100000
4 45 100000
4 46 100000
4 47 100000
4 48 100000
4 49 100000
4 50 100000
5 1 100000
5 2 100000
5 3 100000
5 4 100000
5 5 100000
5 6 100000
5 7 100000
5 8 100000
5 9 100000
5 10 100000
5 11 100000
5 12 100000
5 13 100000
5 14 100000
5 15 100000
5 16 100000
5 17 100000
5 18 100000
5 19 100000
5 20 100000
5 21 100000
5 22 100000
5 23 100000
5 24 100000
5 25 100000
5 26 100000
5 27 100000
5 28 100000
5 29 100000
5 30 100000
5 31 100000
5 32 100000
5 33 100000
5 34 100000
5 35 100000
5 36 100000
5 37 100000
5 38 100000
5 39 100000
5 40 100000
5 41 100000
5 42 100000
5 43 100000
5 44 100000
5 45 100000
5 46 100000
5 47 100000
5 48 100000
5 49 100000
5 50 100000
6 1 100000
6 2 100000
6 3 100000
6 4 100000
6 5 100000
6 6 100000
6 7 100000
6 8 100000
6 9 100000
6 10 100000
6 11 100000
6 12 100000
6 13 100000
6 14 100000
6 15 100000
6 16 100000
6 17 100000
6 18 100000
6 19 100000
6 20 100000
6 21 100000
6 22 100000
6 23 100000
6 24 100000
6 25 100000
6 26 100000
6 27 100000
6 28 100000
6 29 100000
6 30 100000
6 31 100000
6 32 100000
6 33 100000
6 34 100000
6 35 100000
6 36 100000
6 37 100000
6 38 100000
6 39 100000
6 40 100000
6 41 100000
6 42 100000
6 43 100000
6 44 100000
6 45 100000
6 46 100000
6 47 100000
6 48 100000
6 49 100000
6 50 100000
7 1 100000
7 2 100000
7 3 100000
7 4 100000
7 5 100000
7 6 100000
7 7 100000
7 8 100000
7 9 100000
7 10 100000
7 11 100000
7 12 100000
7 13 100000
7 14 100000
7 15 100000
7 16 100000
7 17 100000
7 18 100000
7 19 100000
7 20 100000
7 21 100000
7 22 100000
7 23 100000
7 24 100000
7 25 100000
7 26 100000
7 27 100000
7 28 100000
7 29 100000
7 30 100000
7 31 100000
7 32 100000
7 33 100000
7 34 100000
7 35 100000
7 36 100000
7 37 100000
7 38 100000
7 39 100000
7 40 100000
7 41 100000
7 42 100000
7 43 100000
7 44 100000
7 45 100000
7 46 100000
7 47 100000
7 48 100000
7 49 100000
7 50 100000
8 1 100000
8 2 100000
8 3 100000
8 4 100000
8 5 100000
8 6 100000
8 7 100000
8 8 100000
8 9 100000
8 10 100000
8 11 100000
8 12 100000
8 13 100000
8 14 100000
8 15 100000
8 16 100000
8 17 100000
8 18 100000
8 19 100000
8 20 100000
8 21 100000
8 22 100000
8 23 100000
8 24 100000
8 25 100000
8 26 100000
8 27 100000
8 28 100000
8 29 100000
8 30 100000
8 31 100000
8 32 100000
8 33 100000
8 34 100000
8 35 100000
8 36 100000
8 37 100000
8 38 100000
8 39 100000
8 40 100000
8 41 100000
8 42 100000
8 43 100000
8 44 100000
8 45 100000
8 46 100000
8 47 100000
8 48 100000
8 49 100000
8 50 100000
9 1 100000
9 2 100000
9 3 100000
9 4 100000
9 5 100000
9 6 100000
9 7 100000
9 8 100000
9 9 100000
9 10 100000
9 11 100000
9 12 100000
9 13 100000
9 14 100000
9 15 100000
9 16 100000
9 17 100000
9 18 100000
9 19 100000
9 20 100000
9 21 100000
9 22 100000
9 23 100000
9 24 100000
9 25 100000
9 26 100000
9 27 100000
9 28 100000
9 29 100000
9 30 100000
9 31 100000
9 32 100000
9 33 100000
9 34 100000
9 35 100000
9 36 100000
9 37 100000
9 38 100000
9 39 100000
9 40 100000
9 41 100000
9 42 100000
9 43 100000
9 44 100000
9 45 100000
9 46 100000
9 47 100000
9 48 100000
9 49 100000
9 50 100000
10 1 100000
10 2 100000
10 3 100000
10 4 100000
10 5 100000
10 6 100000
10 7 100000
10 8 100000
10 9 100000
10 10 100000
10 11 100000
10 12 100000
10 13 100000
10 14 100000
10 15 100000
10 16 100000
10 17 100000
10 18 100000
10 19 100000
10 20 100000
10 21 100000
10 22 100000
10 23 100000
10 24 100000
10 25 100000
10 26 100000
10 27 100000
10 28 100000
10 29 100000
10 30 100000
10 31 100000
10 32 100000
10 33 100000
10 34 100000
10 35 100000
10 36 100000
10 37 100000
10 38 100000
10 39 100000
10 40 100000
10 41 100000
10 42 100000
10 43 100000
10 44 100000
10 45 100000
10 46 100000
10 47 100000
10 48 100000
10 49 100000
10 50 100000
11 1 100000
11 2 100000
11 3 100000
11 4 100000
11 5 100000
11 6 100000
11 7 100000
11 8 100000
11 9 100000
11 10 100000
11 11 100000
11 12 100000
11 13 100000
11 14 100000
11 15 100000
11 16 100000
11 17 100000
11 18 100000
11 19 100000
11 20 100000
11 21 100000
11 22 100000
11 23 100000
11 24 100000
11 25 100000
11 26 100000
11 27 100000
11 28 100000
11 29 100000
11 30 100000
11 31 100000
11 32 100000
11 33 100000
11 34 100000
11 35 100000
11 36 100000
11 37 100000
11 38 100000
11 39 100000
11 40 100000
11 41 100000
11 42 100000
11 43 100000
11 44 100000
11 45 100000
11 46 100000
11 47 100000
11 48 100000
11 49 100000
11 50 100000
12 1 100000
12 2 100000
12 3 100000
12 4 100000
12 5 100000
12 6 100000
12 7 100000
12 8 100000
12 9 100000
12 10 100000
12 11 100000
12 12 100000
12 13 100000
12 14 100000
12 15 100000
12 16 100000
12 17 100000
12 18 100000
12 19 100000
12 20 100000
12 21 100000
12 22 100000
12 23 100000
12 24 100000
12 25 100000
12 26 100000
12 27 100000
12 28 100000
12 29 100000
12 30 100000
12 31 100000
12 32 100000
12 33 100000
12 34 100000
12 35 100000
12 36 100000
12 37 100000
12 38 100000
12 39 100000
12 40 100000
12 41 100000
12 42 100000
12 43 100000
12 44 100000
12 45 100000
12 46 100000
12 47 100000
12 48 100000
12 49 100000
12 50 100000
13 1 100000
13 2 100000
13 3 100000
13 4 100000
13 5 100000
13 6 100000
13 7 100000
13 8 100000
13 9 100000
13 10 100000
13 11 100000
13 12 100000
13 13 100000
13 14 100000
13 15 100000
13 16 100000
13 17 100000
13 18 100000
13 19 100000
13 20 100000
13 21 100000
13 22 100000
13 23 100000
13 24 100000
13 25 100000
13 26 100000
13 27 100000
13 28 100000
13 29 100000
13 30 100000
13 31 100000
13 32 100000
13 33 100000
13 34 100000
13 35 100000
13 36 100000
13 37 100000
13 38 100000
13 39 100000
13 40 100000
13 41 100000
13 42 100000
13 43 100000
13 44 100000
13 45 100000
13 46 100000
13 47 100000
13 48 100000
13 49 100000
13 50 100000
14 1 100000
14 2 100000
14 3 100000
14 4 100000
14 5 100000
14 6 100000
14 7 100000
14 8 100000
14 9 100000
14 10 100000
14 11 100000
14 12 100000
14 13 100000
14 14 100000
14 15 100000
14 16 100000
14 17 100000
14 18 100000
14 19 100000
14 20 100000
14 21 100000
14 22 100000
14 23 100000
14 24 100000
14 25 100000
14 26 100000
14 27 100000
14 28 100000
14 29 100000
14 30 100000
14 31 100000
14 32 100000
14 33 100000
14 34 100000
14 35 100000
14 36 100000
14 37 100000
14 38 100000
14 39 100000
14 40 100000
14 41 100000
14 42 100000
14 43 100000
14 44 100000
14 45 100000
14 46 100000
14 47 100000
14 48 100000
14 49 100000
14 50 100000
15 1 100000
15 2 100000
15 3 100000
15 4 100000
15 5 100000
15 6 100000
15 7 100000
15 8 100000
15 9 100000
15 10 100000
15 11 100000
15 12 100000
15 13 100000
15 14 100000
15 15 100000
15 16 100000
15 17 100000
15 18 100000
15 19 100000
15 20 100000
15 21 100000
15 22 100000
15 23 100000
15 24 100000
15 25 100000
15 26 100000
15 27 100000
15 28 100000
15 29 100000
15 30 100000
15 31 100000
15 32 100000
15 33 100000
15 34 100000
15 35 100000
15 36 100000
15 37 100000
15 38 100000
15 39 100000
15 40 100000
15 41 100000
15 42 100000
15 43 100000
15 44 100000
15 45 100000
15 46 100000
15 47 100000
15 48 100000
15 49 100000
15 50 100000
16 1 100000
16 2 100000
16 3 100000
16 4 100000
16 5 100000
16 6 100000
16 7 100000
16 8 100000
16 9 100000
16 10 100000
16 11 100000
16 12 100000
16 13 100000
16 14 100000
16 15 100000
16 16 100000
16 17 100000
16 18 100000
16 19 100000
16 20 100000
16 21 100000
16 22 100000
16 23 100000
16 24 100000
16 25 100000
16 26 100000
16 27 100000
16 28 100000
16 29 100000
16 30 100000
16 31 100000
16 32 100000
16 33 100000
16 34 100000
16 35 100000
16 36 100000
16 37 100000
16 38 100000
16 39 100000
16 40 100000
16 41 100000
16 42 100000
16 43 100000
16 44 100000
16 45 100000
16 46 100000
16 47 100000
16 48 100000
16 49 100000
16 50 100000
17 1 100000
17 2 100000
17 3 100000
17 4 100000
17 5 100000
17 6 100000
17 7 100000
17 8 100000
17 9 100000
17 10 100000
17 11 100000
17 12 100000
17 13 100000
17 14 100000
17 15 100000
17 16 100000
17 17 100000
17 18 100000
17 19 100000
17 20 100000
17 21 100000
17 22 100000
17 23 100000
17 24 100000
17 25 100000
17 26 100000
17 27 100000
17 28 100000
17 29 100000
17 30 100000
17 31 100000
17 32 100000
17 33 100000
17 34 100000
17 35 100000
17 36 100000
17 37 100000
17 38 100000
17 39 100000
17 40 100000
17 41 100000
17 42 100000
17 43 100000
17 44 100000
17 45 100000
17 46 100000
17 47 100000
17 48 100000
17 49 100000
17 50 100000
18 1 100000
18 2 100000
18 3 100000
18 4 100000
18 5 100000
18 6 100000
18 7 100000
18 8 100000
18 9 100000
18 10 100000
18 11 100000
18 12 100000
18 13 100000
18 14 100000
18 15 100000
18 16 100000
18 17 100000
18 18 100000
18 19 100000
18 20 100000
18 21 100000
18 22 100000
18 23 100000
18 24 100000
18 25 100000
18 26 100000
18 27 100000
18 28 100000
18 29 100000
18 30 100000
18 31 100000
18 32 100000
18 33 100000
18 34 100000
18 35 100000
18 36 100000
18 37 100000
18 38 100000
18 39 100000
18 40 100000
18 41 100000
18 42 100000
18 43 100000
18 44 100000
18 45 100000
18 46 100000
18 47 100000
18 48 100000
18 49 100000
18 50 100000
19 1 100000
19 2 100000
19 3 100000
19 4 100000
19 5 100000
19 6 100000
19 7 100000
19 8 100000
19 9 100000
19 10 100000
19 11 100000
19 12 100000
19 13 100000
19 14 100000
19 15 100000
19 16 100000
19 17 100000
19 18 100000
19 19 100000
19 20 100000
19 21 100000
19 22 100000
19 23 100000
19 24 100000
19 25 100000
19 26 100000
19 27 100000
19 28 100000
19 29 100000
19 30 100000
19 31 100000
19 32 100000
19 33 100000
19 34 100000
19 35 100000
19 36 100000
19 37 100000
19 38 100000
19 39 100000
19 40 100000
19 41 100000
19 42 100000
19 43 100000
19 44 100000
19 45 100000
19 46 100000
19 47 100000
19 48 100000
19 49 100000
19 50 100000
20 1 100000
20 2 100000
20 3 100000
20 4 100000
20 5 100000
20 6 100000
20 7 100000
20 8 100000
20 9 100000
20 10 100000
20 11 100000
20 12 100000
20 13 100000
20 14 100000
20 15 100000
20 16 100000
20 17 100000
20 18 100000
20 19 100000
20 20 100000
20 21 100000
20 22 100000
20 23 100000
20 24 100000
20 25 100000
20 26 100000
20 27 100000
20 28 100000
20 29 100000
20 30 100000
20 31 100000
20 32 100000
20 33 100000
20 34 100000
20 35 100000
20 36 100000
20 37 100000
20 38 100000
20 39 100000
20 40 100000
20 41 100000
20 42 100000
20 43 100000
20 44 100000
20 45 100000
20 46 100000
20 47 100000
20 48 100000
20 49 100000
20 50 100000
