100
20
1
123
02010
00300
02030
1010
00011
11011
021
02100
100
02210
00202
0103
00101
3203
031
213
12110
01121
00302
00031
10031
2020
40000
011
0012
03002
030
111
30000
10
0100
20210
110
300
1012
10000
01010
20111
0030
10100
200
3000
1323
331
21100
01
3210
1111
41000
1020
002
00120
102
0220
0400
00110
101
01000
01001
31100
120
11
4000
00122
0102
31001
20021
0040
1100
03110
10010
2034
0211
1000
2200
001
00220
1410
210
01100
00104
2110
31000
1110
13334
22100
010
1011
10001
0120
14000
11000
201
11111
30101
2011
301
