163 5429 84
844
981
353
666
736
651
362
336
601
352
722
988
446
344
680
634
123
780
213
957
409
955
691
131
437
999
814
360
417
125
322
117
522
698
308
366
538
924
132
796
837
334
381
104
225
267
59
6
100
287
788
544
85
168
906
25
638
830
128
857
670
603
532
992
575
475
476
638
421
456
883
11
743
530
114
485
408
108
363
757
91
93
802
785
392
839
832
317
637
925
13
358
551
393
248
623
724
218
545
974
605
749
909
436
324
124
91
598
617
127
961
10
259
88
656
363
467
104
699
814
607
966
600
66
281
221
560
939
571
894
591
909
665
114
128
71
962
639
228
77
635
476
304
467
972
358
67
682
798
641
716
595
93
295
631
364
294
835
96
730
372
289
772
