15 12 4
9 2
10 4
8 2
9 3
2 9
2 7
3 7
2 8
19 28 8
7 14
10 13
9 16
8 13
8 16
8 14
7 13
9 15
11 0
10 2
12 2
10 0
9 2
9 1
12 3
12 1
25 38 6
21 8
19 6
16 10
18 12
17 15
14 8
2 21
2 22
7 25
8 17
9 26
7 16
39 17 10
33 9
32 12
31 12
32 9
31 9
33 11
32 11
33 12
34 11
31 10
25 14
27 13
27 12
26 12
25 11
24 14
26 11
24 13
26 13
27 11
49 16 6
8 7
7 6
7 5
6 6
6 5
7 7
39 11
37 12
37 10
39 10
37 11
38 12
14 17 16
10 9
11 14
7 10
7 9
12 9
9 9
9 11
8 9
10 10
12 13
7 14
8 14
9 14
11 11
8 10
8 13
8 3
6 2
6 5
8 4
3 4
5 3
3 1
4 6
5 2
8 1
3 5
7 1
7 5
5 1
6 6
8 2
10 15 4
4 8
3 8
4 7
3 7
2 7
1 7
1 8
2 8
49 9 3
35 4
35 5
36 4
40 4
40 5
41 5
15 29 3
2 23
2 22
2 24
5 21
6 21
6 20
34 42 5
31 25
30 24
30 27
32 26
30 26
11 26
14 25
11 27
12 26
14 27
12 30 6
9 12
8 11
7 11
6 11
8 12
9 9
3 4
4 4
5 3
3 6
5 4
6 5
38 41 13
17 14
9 19
14 18
8 3
9 7
9 5
14 19
14 15
6 6
8 18
7 5
11 13
10 13
34 35
21 32
34 24
19 36
20 35
19 37
24 23
25 34
24 22
29 31
25 35
22 36
20 37
40 19 5
15 12
20 7
22 6
16 13
15 10
28 7
23 1
29 2
23 3
29 5
10 20 12
7 12
6 16
5 12
8 12
4 12
7 14
8 15
6 14
7 15
4 16
5 14
5 15
6 9
5 7
6 6
3 6
7 9
4 7
7 10
6 7
5 8
3 10
6 8
4 10
12 17 6
5 3
3 5
4 7
5 4
2 7
3 6
8 11
5 14
5 10
6 14
7 10
6 10
23 37 13
15 7
19 15
15 10
19 11
15 13
10 8
10 15
20 6
11 15
15 11
13 13
18 13
19 13
16 22
15 28
21 28
20 23
21 29
14 25
17 25
17 23
13 24
14 31
20 29
12 22
11 30
41 44 3
31 18
37 17
36 12
4 32
1 36
13 41
27 27 4
19 19
19 20
20 20
20 19
13 2
12 2
12 1
13 1
21 29 10
16 14
17 11
15 10
13 10
13 13
17 14
17 13
15 9
12 15
18 13
7 10
4 6
6 6
8 10
4 4
5 8
2 8
8 7
6 8
8 9
49 9 4
4 4
6 5
5 2
5 3
0 7
2 5
2 6
2 7
14 25 11
2 7
3 6
6 13
0 8
7 14
1 24
13 1
12 19
12 8
12 23
13 5
12 21
12 2
10 0
9 21
13 23
4 6
9 16
13 24
6 8
12 3
13 4
31 29 13
29 6
6 5
27 27
12 20
30 8
22 24
29 20
11 4
1 18
13 1
20 1
16 24
27 24
9 10
5 21
1 17
18 9
15 26
2 0
29 11
24 25
10 3
15 4
1 5
0 5
13 16
17 3 8
6 0
1 0
6 2
16 1
6 1
9 2
15 2
14 2
3 2
11 2
7 1
5 0
11 0
10 1
1 2
9 1
27 7 15
10 2
20 4
1 0
1 4
23 3
4 2
11 5
25 5
6 6
15 3
17 4
3 4
22 4
22 5
5 5
9 1
17 1
7 1
9 2
0 6
26 2
11 2
18 6
21 0
14 6
2 5
19 6
20 1
0 2
0 4
7 13 9
6 12
3 6
3 5
2 7
5 8
4 11
5 12
2 0
1 0
2 5
3 7
5 4
1 11
5 1
3 11
5 0
3 3
4 1
16 40 10
13 8
4 26
0 0
3 4
13 26
12 29
12 26
11 35
13 36
5 16
5 23
3 39
8 31
13 5
0 16
11 14
14 16
11 34
15 31
5 4
39 26 7
9 15
27 6
11 17
25 18
37 1
15 16
12 20
7 4
19 18
17 23
25 13
25 15
34 7
18 9
32 40 6
21 3
30 27
17 38
16 14
9 20
11 2
17 16
10 33
11 11
24 9
10 19
27 21
32 36 4
13 16
9 15
16 29
19 12
8 31
18 14
15 34
5 21
26 43 16
20 15
20 41
0 27
0 33
12 5
2 18
25 5
12 33
10 14
8 7
14 7
10 5
13 21
15 36
6 17
8 42
2 27
23 11
2 13
16 24
11 27
22 12
19 37
1 13
23 28
7 4
2 8
11 5
16 13
12 24
2 1
23 38
12 33 15
4 8
11 23
5 4
11 20
6 3
9 25
4 9
3 15
0 18
8 20
9 8
6 13
7 27
9 2
7 18
1 4
0 4
0 3
3 32
11 9
7 21
10 17
1 27
2 1
0 23
2 3
2 5
10 3
11 16
4 7
20 20 15
16 13
15 2
1 14
2 10
7 1
13 9
15 14
15 5
8 4
11 7
2 1
18 1
4 0
6 3
18 19
16 18
8 0
19 13
18 16
4 14
2 6
12 2
2 5
0 4
13 3
5 9
0 3
17 0
0 12
10 3
7 36 13
6 4
5 25
2 11
5 21
5 4
4 11
0 31
3 3
0 32
5 23
2 8
5 0
1 34
0 22
2 17
1 35
3 18
6 2
3 9
6 14
2 28
1 14
0 5
3 28
0 20
4 20
28 49 13
15 33
4 21
12 1
22 5
2 7
7 48
19 21
17 39
0 45
2 18
9 32
20 10
24 15
22 48
9 28
6 6
0 8
2 44
23 22
11 22
20 32
24 38
7 0
9 40
27 31
7 38
45 47 3
44 26
18 16
11 4
43 26
34 27
27 10
15 43 8
12 10
6 20
8 0
8 19
8 27
9 37
14 19
6 30
6 23
8 14
0 1
8 42
3 11
9 28
13 35
10 11
35 25 3
27 1
17 0
9 17
16 12
33 2
2 12
15 44 7
11 9
2 17
10 3
7 29
6 30
8 3
7 31
14 23
6 15
5 31
7 43
3 0
14 2
1 5
44 31 6
14 20
40 1
12 3
30 14
2 2
19 30
11 26
34 23
23 17
37 17
34 8
33 4
24 30 11
8 14
3 9
12 29
3 26
18 16
21 9
17 17
23 3
7 9
19 14
21 2
1 6
18 14
22 24
0 7
11 6
8 17
14 8
20 22
5 0
21 3
20 10
46 17 8
20 5
6 4
8 3
18 5
5 0
39 7
12 2
45 11
26 6
43 13
36 11
2 13
13 10
9 14
35 15
5 2
28 44 15
10 10
19 3
21 33
11 12
5 42
8 23
16 3
22 2
26 37
13 12
22 9
5 17
3 20
1 13
19 41
18 42
2 5
18 11
23 24
3 5
17 19
11 4
22 22
22 8
10 24
23 40
6 39
3 23
19 24
2 39
27 37 16
25 14
7 32
14 7
17 22
7 29
3 30
17 17
18 24
22 3
21 33
8 15
26 11
1 5
0 31
12 32
6 34
13 0
10 2
19 36
0 17
16 34
25 16
4 9
18 7
1 22
0 16
26 33
18 23
4 20
0 13
20 30
0 22
3 46 14
2 39
2 3
1 44
0 5
2 31
1 10
1 18
0 31
0 10
0 16
2 9
2 21
0 45
0 25
1 33
2 35
0 29
1 4
2 36
1 11
2 34
2 16
2 22
0 7
2 43
0 24
0 32
1 45
32 41 10
6 2
1 29
3 14
18 35
12 1
27 29
7 28
3 27
20 10
27 4
12 30
27 37
9 29
29 31
20 18
7 31
21 34
17 20
20 21
25 3
6 17 7
0 16
3 15
4 7
0 14
1 6
2 10
5 5
5 10
3 9
4 13
2 4
1 2
5 2
1 11
42 10 11
14 7
26 5
39 0
37 0
3 4
36 3
5 1
3 7
23 9
5 4
41 3
27 8
17 0
33 9
28 7
39 8
6 2
0 7
38 7
38 0
40 7
10 3
44 27 11
16 25
20 3
22 14
36 14
21 18
28 5
17 25
34 13
8 9
12 3
38 18
14 22
17 5
34 15
43 6
4 20
13 21
19 26
36 24
33 17
24 1
31 15
23 10 6
8 2
14 0
15 0
17 3
10 7
19 2
18 6
20 2
19 8
11 8
9 3
2 4
11 32 4
8 23
7 23
9 27
1 31
0 10
5 1
6 25
3 10
29 50 13
2 49
23 6
22 41
16 23
13 39
4 12
23 36
20 13
20 18
20 34
22 5
20 40
3 46
15 43
12 37
2 1
13 7
21 48
28 43
8 6
22 28
7 39
11 29
18 0
0 30
3 44
47 24 5
9 1
34 6
9 5
38 11
32 12
6 11
45 15
7 11
20 13
32 10
13 40 14
4 28
9 39
5 11
11 10
6 24
4 5
1 7
4 20
7 39
9 6
4 10
12 13
0 39
0 12
5 27
0 37
1 17
4 6
4 16
5 10
6 34
2 38
5 36
0 16
9 26
2 33
6 37
12 0
41 20 6
21 8
10 10
23 19
11 4
33 12
1 10
12 18
40 10
16 6
11 16
7 1
21 19
47 41 14
1 13
16 21
10 34
9 5
42 17
14 24
4 31
21 35
0 7
12 0
30 1
6 37
21 12
1 36
39 28
44 9
45 20
35 0
33 6
46 10
32 9
6 12
33 18
10 32
23 33
16 9
39 6
4 6
38 18 6
9 12
9 15
22 17
18 12
2 3
28 14
6 8
37 17
32 1
14 15
2 12
34 4
27 38 7
6 11
20 27
15 18
24 18
15 13
11 3
25 37
22 4
15 8
21 22
0 27
6 17
20 28
1 1
38 32 12
31 9
6 11
32 27
12 9
10 23
4 8
27 17
8 3
36 11
31 26
14 3
24 29
10 21
26 22
16 26
22 2
33 7
11 6
37 3
5 30
13 13
7 19
36 12
35 27
12 39 13
7 38
8 16
7 29
11 37
10 16
10 5
8 37
7 0
3 10
5 23
0 6
9 34
5 6
9 22
0 16
1 10
7 19
9 20
6 34
11 1
3 16
0 26
1 38
5 26
11 24
0 14
16 23 9
13 4
4 6
9 14
15 2
13 9
14 2
9 0
13 2
6 14
11 4
10 14
6 12
4 7
5 10
8 22
12 9
15 14
13 16
41 26 13
17 6
31 14
14 18
11 1
19 19
14 1
26 25
14 13
25 6
11 17
28 15
16 21
34 22
18 7
32 14
14 19
11 2
20 18
15 0
27 25
13 14
25 5
10 17
29 15
17 21
35 23
11 42 13
8 39
1 27
4 41
2 21
7 10
8 16
1 15
1 10
9 26
2 39
6 36
6 38
5 24
10 40
1 30
4 40
3 22
10 12
7 16
5 19
3 10
10 22
0 36
5 35
3 40
6 20
29 12 3
4 7
1 8
13 11
3 5
2 10
12 11
45 7 5
4 6
6 3
27 6
23 6
23 4
8 5
2 1
29 4
26 3
24 5
20 29 4
18 6
2 23
12 14
13 18
18 7
2 24
12 13
14 19
27 43 11
18 34
7 36
8 19
0 23
24 19
25 11
25 28
19 11
14 15
15 23
5 32
20 36
7 35
8 17
2 24
25 16
26 10
26 28
16 10
15 17
17 26
3 32
17 34 9
16 16
14 6
6 4
3 19
11 32
5 14
1 24
8 20
10 9
16 12
11 7
8 4
4 15
12 31
9 14
2 23
10 23
13 12
21 24 15
1 12
3 13
4 20
13 8
15 5
12 14
18 19
20 1
5 15
14 13
11 5
20 12
11 16
16 15
14 5
0 12
4 13
4 21
14 7
16 4
12 15
17 18
20 2
6 14
14 14
11 6
19 11
12 17
16 14
14 6
46 40 6
43 35
16 4
30 0
26 19
8 0
41 3
44 32
13 0
27 4
24 20
9 3
44 1
47 40 3
18 0
18 34
13 15
22 1
18 35
15 19
32 45 16
28 32
6 0
18 38
3 6
11 11
10 6
30 14
11 5
23 22
19 37
7 5
21 3
18 20
3 23
14 39
27 42
27 30
7 1
17 42
4 4
7 13
13 9
28 13
9 9
23 18
16 34
7 4
21 6
15 23
1 19
14 38
25 43
14 45 6
7 24
12 36
10 34
13 33
10 6
11 7
6 24
12 34
10 36
11 34
8 7
11 5
25 25 10
18 7
8 18
19 8
1 6
3 1
23 5
17 9
3 4
3 15
15 15
21 7
9 20
22 10
3 6
0 4
23 8
18 6
5 3
3 12
16 18
42 18 8
13 12
6 10
20 7
13 1
7 15
9 8
18 12
24 1
11 12
8 8
19 8
13 2
6 17
8 7
19 12
25 1
12 7 9
10 2
7 3
2 6
0 5
6 2
0 6
9 3
2 1
5 3
11 1
7 2
3 6
1 5
6 3
1 6
8 4
3 0
4 4
40 42 16
6 11
16 30
17 4
28 21
25 30
21 10
17 35
11 9
4 22
2 38
34 12
29 30
17 23
8 28
29 31
18 7
5 11
14 31
15 2
30 20
27 31
19 8
16 36
13 7
5 24
2 40
33 10
27 32
18 22
8 29
30 33
20 9
3 22 16
2 6
1 6
1 10
2 10
0 12
2 7
1 2
0 0
2 1
0 16
0 21
1 17
1 7
2 4
0 7
2 16
1 4
0 6
1 11
1 8
0 14
0 8
2 2
2 0
1 0
1 15
1 19
0 15
2 9
1 5
1 9
0 18
16 36 13
2 19
0 35
14 15
15 16
12 30
2 7
11 3
12 8
5 17
6 7
13 22
4 25
2 14
2 18
0 34
11 17
15 14
9 28
6 3
9 3
11 5
7 21
9 11
11 25
1 23
4 18
8 19 12
4 12
2 2
0 17
6 15
4 17
5 15
5 0
3 8
7 8
4 1
2 17
3 15
7 16
4 4
3 18
2 13
3 14
1 16
6 0
0 9
7 4
3 1
2 18
5 17
48 39 6
20 15
7 28
36 22
15 22
25 29
4 20
18 19
11 31
40 20
18 22
25 31
7 23
41 13 15
8 5
22 9
3 8
17 7
37 2
5 3
33 6
14 12
4 7
24 11
38 2
31 12
16 6
33 9
2 3
10 7
20 9
5 7
17 9
36 0
7 2
31 4
12 9
2 9
24 12
40 1
32 9
13 7
36 7
1 2
47 33 12
20 22
41 8
9 11
37 1
29 20
24 30
19 19
27 16
34 9
17 32
44 32
10 20
20 20
40 6
11 9
38 0
27 20
25 32
18 20
28 14
35 7
15 30
42 31
10 22
23 3 9
20 1
8 1
18 0
4 2
15 2
2 1
3 0
19 1
19 2
17 1
7 2
19 0
1 2
11 2
3 1
5 1
17 2
15 1
30 50 7
6 18
16 7
1 4
25 29
18 15
10 36
20 24
8 20
17 8
1 5
27 29
16 13
9 36
19 24
20 40 5
5 6
9 36
0 33
7 38
19 1
4 6
8 35
1 32
8 37
19 2
9 8 10
1 4
2 5
4 1
7 6
3 3
4 4
3 1
2 3
2 2
8 3
1 2
0 3
5 3
7 4
2 1
4 5
5 2
3 4
4 2
7 3
31 43 3
12 0
23 0
26 38
14 0
21 2
22 38
19 4 12
18 1
0 2
2 3
5 0
4 2
14 0
3 3
6 3
13 2
1 0
12 2
8 2
15 2
2 0
5 1
2 1
7 2
17 3
3 1
5 3
15 0
0 0
11 3
9 2
29 22 6
0 1
22 19
8 7
6 8
27 8
16 20
1 1
23 18
9 8
6 9
27 7
15 21
6 38 12
0 27
4 0
3 23
0 13
4 7
2 3
1 26
2 32
0 25
3 5
0 10
3 1
1 27
4 1
3 22
0 14
4 8
1 2
2 25
1 33
0 24
3 4
0 11
2 2
38 32 5
3 15
17 1
18 24
33 9
16 12
7 12
16 0
19 28
36 10
17 9
22 27 14
3 22
16 19
16 21
16 24
9 7
14 26
8 26
1 21
6 10
15 11
18 5
21 2
13 3
21 9
1 22
15 18
18 22
15 25
10 6
16 26
8 24
1 20
4 12
16 10
19 7
21 1
13 2
19 8
13 16 3
7 6
3 6
1 0
8 9
2 6
0 2
9 39 6
6 30
0 9
7 22
4 1
0 30
2 34
4 31
0 7
3 19
0 0
4 26
5 36
47 46 4
28 40
31 37
12 9
45 25
25 37
27 37
11 5
42 25
47 30 11
32 3
3 2
37 8
37 2
33 16
3 0
37 5
43 4
27 12
12 25
41 21
33 2
4 4
38 7
38 1
33 18
0 0
40 5
46 4
30 10
11 25
41 18
31 33 4
6 18
4 26
14 21
15 17
6 19
3 25
15 22
15 18
15 10 4
13 5
11 9
2 9
2 3
12 6
10 8
3 9
1 4
23 35 8
8 19
6 25
13 24
21 16
4 3
4 2
12 3
16 20
8 20
8 25
12 21
19 15
2 5
7 0
11 7
14 19
36 27 3
35 5
7 22
2 16
33 8
10 22
4 16
